ans =

         0    1.0000    1.0000    1.0000         0         0         0    1.0000    1.0000    1.0000
         0    1.0000    1.0000    1.0000         0         0    2.0000    1.0000    1.0000    5.0000
         0    1.3293    1.0000    1.0000         0         0    2.0000    1.0000    1.0000    5.0000
    2.0000    1.0000    2.0000    1.0000         0    1.0000    2.0000    1.0000         0    1.0000
         0    1.8280    5.0000    1.0000    1.0000    1.0000         0    1.0000         0         0
    1.0000    1.0000    2.0000         0         0         0    2.0000    1.0000         0    3.0000
         0    1.0000         0         0    5.0000    1.0000    1.0000    1.0000    1.0000         0
		 
		 
		 
		          0    1.0000    1.0000    1.0000         0         0         0    1.0000    1.0000    1.0000
         0    1.0000         0         0         0         0    1.0000    1.4834    1.2904         0
         0    1.0000         0         0         0    1.0000    1.0000    0.9882    1.4723         0
         0    1.0000         0         0         0         0    1.0000    1.0000    0.5926         0
         0    1.0000    5.0000    1.0000         0         0         0    1.0000         0    1.0000
    2.0000    1.0000    5.0000    1.0000         0         0    1.0000    1.0000    1.0000         0
    1.0000    1.0000    5.0000         0         0         0    2.0000    1.0000         0    6.0000
	
	
	ne sme bit negativna vrednost
	cenilka od neke tocke naprej
	pol samo parametre pol samo topologijo
	selekcija po ruleti